中心区域(一个svc)：
[[   64    11     0]
 [   30 13457    29]
 [    0     9    41]]
             precision    recall  f1-score   support

          0       0.68      0.85      0.76        75
          1       1.00      1.00      1.00     13516
          2       0.59      0.82      0.68        50

avg / total       1.00      0.99      0.99     13641

周围区域(100棵DT投票树)：
[[  100    10     0]
 [  109 26000    24]
 [    0     4   111]]
             precision    recall  f1-score   support

          0       0.48      0.91      0.63       110
          1       1.00      0.99      1.00     26133
          2       0.82      0.97      0.89       115

avg / total       1.00      0.99      1.00     26358

总评：
[[  164    21     0]
 [  139 39457    53]
 [    0    13   152]]
             precision    recall  f1-score   support

          0       0.54      0.89      0.67       185
          1       1.00      1.00      1.00     39649
          2       0.74      0.92      0.82       165

avg / total       1.00      0.99      0.99     39999

