vote1_错误分析：

[[  102     0     0]
 [11848     0    51]
 [    8     0    85]]
             precision    recall  f1-score   support

          0       0.01      1.00      0.02       102
          1       0.00      0.00      0.00     11899
          2       0.62      0.91      0.74        93

avg / total       0.00      0.02      0.01     12094

vote2_结果分析：
[[   82    19     0     1]
 [  116 11703    33    47]
 [    1    13    79     0]
 [    0     0     0     0]]
             precision    recall  f1-score   support

          0       0.41      0.80      0.54       102
          1       1.00      0.98      0.99     11899
          2       0.71      0.85      0.77        93
          9       0.00      0.00      0.00         0

avg / total       0.99      0.98      0.98     12094
共用时： 67392.767

vote2_(data_test * 0.2)结果分析：
[[   82    19     0     1]
 [  116 11703    33    47]
 [    1    13    79     0]
 [    0     0     0     0]]
             precision    recall  f1-score   support

          0       0.41      0.80      0.54       102
          1       1.00      0.98      0.99     11899
          2       0.71      0.85      0.77        93
          9       0.00      0.00      0.00         0

avg / total       0.99      0.98      0.98     12094
