过采样+降采样+（偏采样组成平衡小样本）+多个弱分类器+ 投票（Bagging机制）


1_1.分类器为单个DT(entropy)时的两次运行结果:	(k=3)
[[   59    49     0]
 [    0 11884     1]
 [    0    18    83]]
             precision    recall  f1-score   support

          0       1.00      0.55      0.71       108
          1       0.99      1.00      1.00     11885
          2       0.99      0.82      0.90       101

avg / total       0.99      0.99      0.99     12094


[[   31    77     0]
 [    1 11884     0]
 [    0    37    64]]
             precision    recall  f1-score   support

          0       0.97      0.29      0.44       108
          1       0.99      1.00      1.00     11885
          2       1.00      0.63      0.78       101

avg / total       0.99      0.99      0.99     12094

共用时： 16.401000022


1_2.分类器为单个DT(entropy)时的两次运行结果:	(k=1)
[[   53    55     0]
 [    1 11884     0]
 [    0    35    66]]
             precision    recall  f1-score   support

          0       0.98      0.49      0.65       108
          1       0.99      1.00      1.00     11885
          2       1.00      0.65      0.79       101

avg / total       0.99      0.99      0.99     12094

共用时： 16.1500000954
1_3.分类器为单个DT(entropy)时的两次运行结果:	(k=2)
[[   42    66     0]
 [    2 11883     0]
 [    0    40    61]]
             precision    recall  f1-score   support

          0       0.95      0.39      0.55       108
          1       0.99      1.00      1.00     11885
          2       1.00      0.60      0.75       101

avg / total       0.99      0.99      0.99     12094